R,13.0
T,10.0
m,0.15
s,0.015
b,[1.0]
mutations,0
gradient,"{'name': 'enviro_1_obstacle_radius_60', 'n': 1, 'r': 60, 'seed': 0, 'gradient': 1, 'grid': array([[0.45179508, 0.44997807, 0.44711002, ..., 0.44997807, 0.45179508,
        0.45241871],
       [0.45926365, 0.45707859, 0.45369518, ..., 0.45707859, 0.45926365,
        0.46002221],
       [0.46679476, 0.46408722, 0.46002221, ..., 0.46408722, 0.46679476,
        0.46775349],
       ...,
       [0.42995692, 0.42878217, 0.42687627, ..., 0.42878217, 0.42995692,
        0.43035399],
       [0.43713284, 0.43579469, 0.43363711, ..., 0.43579469, 0.43713284,
        0.43758666],
       [0.44441418, 0.44286852, 0.44039786, ..., 0.44286852, 0.44441418,
        0.44494089]]), 'peak': 0.5, 'direction': 'up', 'dir_kernel': array([[0., 1., 0.],
       [0., 0., 0.],
       [0., 0., 0.]]), 'kernel': array([[0.47036456, 0.47589614, 0.48139985, ..., 0.48686872, 0.48139985,
        0.47589614],
       [0.47589614, 0.48158284, 0.48724486, ..., 0.49287509, 0.48724486,
        0.48158284],
       [0.48139985, 0.48724486, 0.49306869, ..., 0.49886412, 0.49306869,
        0.48724486],
       ...,
       [0.48686872, 0.49287509, 0.49886412, ..., 0.50482848, 0.49886412,
        0.49287509],
       [0.48139985, 0.48724486, 0.49306869, ..., 0.49886412, 0.49306869,
        0.48724486],
       [0.47589614, 0.48158284, 0.48724486, ..., 0.49287509, 0.48724486,
        0.48158284]])}"
survival_mean,3.0
survival_var,3.0
