R,13.0
T,12.12919161057211
m,0.15488983718620625
s,0.023534620271901466
b,[1.0]
mutations,0
gradient,"{'name': 'enviro_1_obstacle_radius_60', 'n': 1, 'r': 60, 'seed': 0, 'gradient': 5, 'grid': array([[0.14395077, 0.14897999, 0.15371059, ..., 0.        , 0.        ,
        0.        ],
       [0.1551458 , 0.16079216, 0.16611833, ..., 0.        , 0.        ,
        0.        ],
       [0.16708668, 0.17342969, 0.17943169, ..., 0.        , 0.        ,
        0.        ],
       ...,
       [0.        , 0.        , 0.        , ..., 0.        , 0.        ,
        0.        ],
       [0.        , 0.        , 0.        , ..., 0.        , 0.        ,
        0.        ],
       [0.        , 0.        , 0.        , ..., 0.        , 0.        ,
        0.        ]]), 'peak': 1, 'direction': 'up', 'dir_kernel': array([[0., 1., 0.],
       [0., 0., 0.],
       [0., 0., 0.]]), 'kernel': array([[0.02302358, 0.02440961, 0.02585412, ..., 0.02735643, 0.02585412,
        0.02440961],
       [0.02440961, 0.0259033 , 0.02746226, ..., 0.02908602, 0.02746226,
        0.0259033 ],
       [0.02585412, 0.02746226, 0.02914319, ..., 0.03089665, 0.02914319,
        0.02746226],
       ...,
       [0.02735643, 0.02908602, 0.03089665, ..., 0.03278832, 0.03089665,
        0.02908602],
       [0.02585412, 0.02746226, 0.02914319, ..., 0.03089665, 0.02914319,
        0.02746226],
       [0.02440961, 0.0259033 , 0.02746226, ..., 0.02908602, 0.02746226,
        0.0259033 ]])}"
survival_mean,5.0
survival_var,7.0
